verbIdx,nounIdx
1,2369
4,2050
7,3032
13,437
16,2723
21,468
24,204
30,481
36,352
37,167
46,1936
47,274
49,204
64,1470
68,475
75,473
77,256
82,285
97,2644
98,2098
102,41
108,3051
111,38
111,2349
115,1108
120,124
120,124
128,1918
135,299
139,114
147,388
148,72
152,384
156,2930
157,408
157,437
157,909
160,2588
166,383
168,368
169,397
189,615
190,112
190,112
192,46
197,450
197,962
197,962
197,962
199,1285
215,2684
222,742
223,268
237,41
237,178
246,404
257,177
271,2534
284,1851
287,184
292,370
293,3067
296,1982
297,1902
301,329
301,329
301,596
301,993
301,1037
301,1738
301,2440
301,2468
302,218
305,1527
309,3062
311,2024
312,2007
316,2186
316,2186
316,2186
316,2748
316,3016
318,510
318,962
318,962
318,1244
318,2525
318,2605
318,2873
319,2064
331,2016
331,2660
344,876
348,830
348,1074
348,1176
348,2851
354,2536
357,652
357,652
357,652
357,2141
358,2349
361,1063
363,2798
366,706
366,1386
366,2834
367,1925
371,860
374,1929
377,2371
378,410
379,749
379,1528
379,2349
379,2349
385,2254
385,2440
385,2440
385,2440
385,2440
385,2468
385,2468
387,663
387,1464
387,1591
387,1591
387,1824
387,2157
387,2158
387,2251
387,2468
387,2468
387,2468
387,2588
387,2851
387,2869
387,3088
392,523
392,1929
392,2171
399,1074
399,2084
399,2405
400,1026
405,2426
409,462
411,2639
414,1013
414,3067
414,3067
416,2528
421,649
425,2815
434,2605
434,2951
442,2302
447,1633
448,2726
454,2597
456,2986
458,79
458,892
458,1575
458,2229
458,2357
459,1229
460,1624
463,821
463,1553
463,2074
464,1726
466,1575
466,1616
466,1743
467,817
467,1633
475,2896
482,1689
482,1829
482,2014
486,1924
487,639
488,1026
488,1031
488,1109
488,1142
490,742
492,1686
497,1889
497,1957
497,1957
497,2314
497,2834
497,3007
498,1513
499,697
501,1546
502,945
503,1228
520,3007
521,525
521,1848
521,1848
522,1604
526,2772
527,1114
537,2738
538,1654
539,1185
539,2363
543,1960
543,3084
556,1436
557,1467
558,889
559,636
560,2528
569,1056
578,2775
579,963
579,1168
579,1309
579,1335
579,1419
579,1454
579,1640
579,1694
579,1694
579,2057
579,2386
579,2386
579,2534
579,2821
579,2933
579,2975
581,1474
581,1756
585,1046
585,2713
594,1382
596,605
596,605
596,1050
596,1086
596,1210
596,1335
596,1372
596,2220
596,2870
596,2949
596,2949
596,3071
597,2042
598,226
598,2302
602,2686
603,525
603,1311
603,1922
603,2690
604,886
608,607
608,2712
610,500
616,663
625,1116
625,1388
625,2151
626,1683
626,3014
635,832
635,2681
637,711
639,1743
640,2195
640,2556
640,2556
643,1271
644,892
644,2848
649,2601
655,690
655,878
655,1022
655,1608
657,2905
665,890
665,985
665,997
665,1209
665,2207
665,2307
665,2683
665,2992
672,850
683,1833
694,572
703,587
703,722
703,1335
703,2542
703,2834
707,868
708,2773
708,2773
708,3067
709,2851
716,2032
716,2121
719,1219
721,573
721,2194
725,1088
728,852
728,2575
732,1780
736,2425
738,2052
740,508
747,1811
753,1696
753,2975
756,1095
758,711
758,1657
762,2979
763,799
763,1104
763,1747
769,1122
769,1736
770,1114
772,855
775,7
775,1804
775,1846
777,1271
777,1274
777,1358
778,280
778,615
780,1844
784,616
784,616
784,616
784,649
784,649
784,649
784,649
784,649
784,649
784,649
784,649
784,649
784,1168
784,2216
784,2479
784,2687
784,2856
784,2856
784,2856
784,2952
784,2968
790,829
793,836
794,2297
794,2816
800,1271
801,1145
801,1735
806,389
809,909
810,2280
811,1096
813,2057
815,760
818,1335
818,2021
821,997
821,2088
823,605
824,994
824,2268
825,3019
833,1104
835,578
835,964
835,1160
835,2479
835,2512
835,3025
838,1994
838,2024
838,2024
839,2979
840,587
842,698
845,553
847,1016
848,568
848,1616
848,1694
848,2639
848,3007
849,2928
850,1565
851,2024
852,2834
859,1445
867,2185
868,186
868,1061
868,1756
868,1804
868,2422
868,2836
868,2882
868,3058
870,1013
870,1172
870,1304
870,1839
870,1930
870,2064
870,2137
870,2166
870,2499
871,2940
880,564
880,967
880,1571
880,2194
884,1295
885,233
885,2851
885,3007
890,2605
891,660
891,1230
891,1999
894,849
895,2323
895,2498
896,1843
897,1030
897,1683
901,1713
901,2088
902,2329
902,2449
903,436
903,639
903,1761
903,2142
903,2452
903,2639
903,2850
904,731
904,1110
904,1402
904,1561
904,1640
904,1654
904,1694
904,1706
904,1731
904,2014
904,2373
904,2467
904,2639
904,2819
904,2938
904,2998
904,3037
904,3037
906,2483
906,2483
907,818
907,1529
909,1447
909,1870
909,2079
909,2669
909,2849
914,690
914,993
915,360
923,2378
924,945
925,27
925,2874
927,500
927,500
927,504
927,507
927,537
927,615
927,619
927,649
927,671
927,703
927,728
927,848
927,952
927,1030
927,1030
927,1090
927,1174
927,1283
927,1473
927,1490
927,1514
927,1608
927,1654
927,1667
927,1694
927,1694
927,1694
927,1723
927,1743
927,1870
927,1919
927,1984
927,2052
927,2052
927,2052
927,2207
927,2296
927,2359
927,2454
927,2454
927,2464
927,2464
927,2464
927,2464
927,2475
927,2642
927,2644
927,2789
927,2830
927,2966
928,2117
929,501
929,733
929,733
929,735
929,885
929,1103
929,1482
929,1489
929,1527
929,1763
929,1830
929,1887
929,2088
929,2207
929,2207
929,2242
929,2242
929,2261
934,1168
934,1335
934,1742
941,500
941,500
941,500
941,500
941,507
941,507
941,507
941,507
941,507
941,507
941,537
941,599
941,656
941,703
941,856
941,885
941,885
941,904
941,1258
941,1723
941,1856
941,1870
941,1974
941,1982
941,2052
941,2052
941,2088
941,2088
941,2091
941,2091
941,2091
941,2091
941,2091
941,2091
941,2261
941,2261
941,2283
941,2292
941,2464
941,2482
941,2529
941,2539
941,2691
941,2851
941,2868
944,832
944,2045
947,836
948,677
948,969
948,2166
953,1185
954,1849
956,780
956,895
956,1263
956,1551
956,2669
956,3022
956,3088
957,1929
957,2179
957,2406
962,1882
966,841
966,912
966,2296
968,2839
970,2606
978,2966
979,2072
981,2790
983,2072
983,2381
983,2633
983,2938
984,324
984,512
984,638
984,670
984,827
984,892
984,924
984,1030
984,1045
984,1074
984,1145
984,1150
984,1271
984,1271
984,1271
984,1321
984,1450
984,1466
984,1466
984,1591
984,1629
984,1633
984,1688
984,1688
984,1904
984,1969
984,1980
984,2024
984,2032
984,2032
984,2032
984,2032
984,2032
984,2032
984,2093
984,2093
984,2137
984,2148
984,2251
984,2252
984,2290
984,2299
984,2299
984,2299
984,2309
984,2309
984,2309
984,2336
984,2390
984,2517
984,2630
984,2812
984,2917
984,2917
984,2949
985,128
985,355
985,716
985,758
985,1061
985,1160
985,1208
985,1351
985,1454
985,1454
985,1511
985,1644
985,1713
985,1848
985,1876
985,1876
985,1992
985,2033
985,2057
985,2118
985,2255
985,2455
985,2502
985,2534
985,2558
985,2575
985,2731
985,2868
985,2925
987,1186
987,1357
987,2057
987,2468
987,2714
989,568
989,2360
993,1854
996,1263
998,2299
1005,2307
1008,1046
1008,2286
1015,891
1015,2370
1018,1870
1019,1121
1019,1667
1022,1167
1025,2177
1028,994
1028,1805
1028,2360
1032,1919
1034,1809
1035,2495
1038,865
1038,1075
1043,633
1043,1374
1043,1776
1043,1794
1043,1870
1043,2466
1046,2438
1053,3007
1055,523
1055,587
1055,1828
1055,2438
1055,2996
1057,990
1057,1632
1057,2639
1057,3015
1058,2874
1059,767
1059,767
1059,767
1059,962
1059,1821
1059,2290
1059,3071
1063,507
1070,2664
1072,161
1072,399
1072,798
1072,1088
1072,1230
1072,1958
1072,2478
1075,2713
1077,604
1080,1943
1082,575
1084,817
1087,824
1092,1414
1092,1623
1092,1670
1092,1992
1092,1992
1092,2145
1093,614
1093,684
1094,1421
1094,2998
1097,784
1097,1105
1097,1349
1097,1935
1097,2586
1099,1851
1100,597
1100,661
1100,832
1100,909
1100,1968
1100,2157
1100,2207
1100,2386
1100,2545
1100,2949
1100,2949
1100,3007
1101,758
1101,1214
1106,2254
1107,557
1109,2882
1110,2302
1114,523
1114,2052
1119,882
1119,1559
1119,2427
1122,2455
1124,2024
1128,1560
1129,2586
1135,1482
1135,2095
1138,742
1138,2082
1142,2359
1144,942
1144,2869
1145,2449
1146,639
1146,852
1146,926
1146,1147
1146,1598
1146,1598
1146,1598
1146,1598
1146,1598
1146,1713
1146,1870
1146,2418
1146,2851
1150,981
1150,2809
1151,1553
1156,2093
1161,605
1163,186
1163,1153
1163,1314
1163,1325
1163,2086
1163,2960
1163,2960
1164,1846
1164,2775
1164,2870
1166,570
1166,1017
1166,1522
1166,1558
1166,1598
1166,1623
1166,1687
1166,1694
1166,1848
1166,1870
1166,2057
1166,2088
1166,2282
1166,2282
1166,2359
1166,2359
1166,2448
1166,2556
1166,2636
1166,2674
1166,2966
1166,3070
1167,1228
1169,577
1169,901
1169,1065
1169,1213
1169,1574
1169,2354
1169,2381
1169,2464
1169,2464
1169,2476
1169,2589
1169,2605
1169,2620
1169,2657
1169,2869
1169,2869
1169,2874
1169,2882
1169,2882
1169,2972
1170,862
1170,1754
1170,2404
1171,2253
1174,2975
1177,1332
1178,2636
1182,1398
1182,1608
1197,2767
1199,817
1199,2135
1199,2641
1202,2282
1211,2594
1216,1887
1218,1218
1218,2420
1223,2057
1223,2890
1230,2709
1231,1501
1231,1501
1231,1501
1231,1501
1231,1501
1231,1501
1231,1501
1231,1564
1231,2137
1231,2191
1235,403
1235,1598
1235,2422
1235,2422
1244,1575
1247,1786
1251,2996
1256,2949
1261,1756
1263,1358
1263,1374
1263,1419
1263,2454
1263,2707
1266,3051
1267,1818
1270,2553
1270,2644
1281,1741
1283,2842
1284,507
1284,670
1284,689
1284,1168
1284,1291
1284,1298
1284,1336
1284,1401
1284,1451
1284,1569
1284,1848
1284,2033
1284,2074
1284,2088
1284,2213
1284,2313
1284,2359
1284,2556
1284,2636
1284,2723
1284,2723
1286,1912
1286,2035
1290,2166
1291,2302
1292,2870
1293,1310
1294,2465
1302,1094
1302,1370
1302,1574
1302,2282
1302,2349
1302,2998
1303,2195
1306,279
1306,1022
1309,1633
1310,729
1310,758
1310,1344
1310,1882
1310,2254
1310,2838
1315,1980
1316,717
1316,1042
1316,1270
1316,1285
1316,1491
1316,2054
1320,2021
1320,2464
1320,2509
1321,586
1323,1131
1323,1912
1323,2268
1330,885
1330,2949
1331,2349
1332,1451
1333,1356
1333,1358
1333,1723
1334,2363
1340,221
1345,596
1345,2253
1349,2422
1363,2915
1365,962
1365,962
1365,2057
1365,2452
1366,2086
1369,597
1370,1870
1370,2176
1370,2396
1370,3068
1373,2154
1374,2464
1377,2807
1377,2947
1385,2085
1389,1392
1390,2250
1392,2426
1393,2057
1397,904
1401,868
1402,607
1402,1654
1409,1369
1412,1045
1415,181
1416,1061
1416,1501
1416,1502
1416,2468
1416,2713
1418,63
1418,457
1418,548
1418,600
1418,848
1418,921
1418,979
1418,1077
1418,1126
1418,1141
1418,1162
1418,1228
1418,1328
1418,1570
1418,1628
1418,2046
1418,2134
1418,2226
1418,2427
1418,2475
1418,2475
1418,2588
1418,2691
1418,2782
1418,2793
1418,2982
1419,587
1419,587
1419,2639
1424,2024
1424,2656
1425,1640
1426,2960
1434,2834
1436,2553
1437,1115
1437,1300
1439,1006
1439,1672
1439,1837
1439,2194
1442,1776
1442,2002
1443,1981
1444,1858
1445,2282
1446,1285
1446,1942
1446,1942
1448,1942
1450,186
1450,1104
1450,1104
1450,2024
1451,2057
1452,707
1452,1037
1452,1424
1452,1458
1455,2404
1456,1452
1456,1452
1459,1843
1459,1843
1459,2671
1460,849
1462,1843
1471,2342
1471,2593
1473,1501
1480,550
1482,506
1482,550
1486,411
1486,2925
1487,525
1487,525
1490,2736
1491,704
1493,1142
1508,1926
1511,943
1513,2296
1515,2157
1521,845
1521,1957
1523,2014
1523,2014
1523,2014
1526,1870
1527,1870
1533,1108
1533,3066
1534,523
1535,1998
1536,607
1536,2813
1543,654
1543,1430
1549,1106
1549,1424
1549,2310
1549,3067
1551,2814
1555,1421
1556,904
1556,1467
1560,1320
1569,670
1569,852
1576,614
1577,962
1577,1020
1579,944
1579,944
1579,3044
1581,733
1582,2514
1583,546
1585,2445
1586,2309
1589,1278
1590,2024
1591,1490
1591,1739
1591,2605
1591,2981
1597,1616
1597,2644
1599,1121
1599,1992
1601,837
1611,1054
1611,2883
1611,3074
1611,3074
1611,3074
1615,513
1615,522
1615,537
1615,537
1615,1058
1615,1254
1615,1708
1615,1856
1615,1866
1615,1866
1615,2204
1615,2204
1615,2266
1615,2682
1615,2696
1615,2696
1615,2851
1615,2851
1615,2851
1615,3071
1621,1828
1622,1651
1622,1651
1627,1383
1627,2326
1627,2639
1627,2707
1630,1398
1639,2494
1639,2757
1642,2037
1648,21
1649,418
1649,649
1649,1553
1649,2793
1650,1481
1651,663
1651,669
1651,1574
1651,1611
1651,2075
1651,2194
1651,2204
1651,2204
1651,2204
1651,2204
1651,2249
1651,2982
1658,1527
1669,1265
1675,1333
1678,1050
1681,735
1687,1006
1687,2515
1689,706
1689,1016
1689,1030
1689,1171
1699,2754
1704,1648
1704,2307
1706,2223
1709,717
1710,2186
1712,1534
1713,230
1713,231
1713,792
1713,852
1713,985
1713,1037
1713,1172
1713,1283
1713,1658
1713,1694
1713,1928
1713,2032
1713,2189
1713,2506
1713,2605
1713,2611
1713,2632
1713,2756
1713,3066
1714,2419
1718,500
1724,1240
1726,2605
1733,1964
1733,3040
1735,2713
1737,903
1737,1335
1737,2451
1742,2854
1743,2981
1745,2005
1745,2237
1746,2128
1750,2729
1753,2051
1756,1574
1756,2632
1763,1058
1764,2160
1764,2296
1766,250
1766,1278
1766,2464
1768,943
1769,3007
1774,2549
1776,724
1776,897
1776,2366
1776,2525
1778,1416
